object_list:
- arm_name: right
  object_name: biscuits
  pick_pose:
    orientation:
      w: 0.0
      x: 0.0
      y: 0.0
      z: 0.0
    position:
      x: 0.5420134663581848
      y: -0.24281832575798035
      z: 0.7046263217926025
  place_pose:
    orientation:
      w: 0.0
      x: 0.0
      y: 0.0
      z: 0.0
    position:
      x: -0.1
      y: -0.71
      z: 0.605
  test_scene_num: 1
