object_list:
- arm_name: right
  object_name: biscuits
  pick_pose:
    orientation:
      w: 0.0
      x: 0.0
      y: 0.0
      z: 0.0
    position:
      x: 0.5717480778694153
      y: -0.2507883608341217
      z: 0.7052938342094421
  place_pose:
    orientation:
      w: 0.0
      x: 0.0
      y: 0.0
      z: 0.0
    position:
      x: -0.1
      y: -0.71
      z: 0.605
  test_scene_num: 2
